wl		absorbance
900.000000	-0.017200 
899.000000	-0.016880 
898.000000	-0.016550 
897.000000	-0.017070 
896.000000	-0.017050 
895.000000	-0.016600 
894.000000	-0.017140 
893.000000	-0.016950 
892.000000	-0.016200 
891.000000	-0.016600 
890.000000	-0.015790 
889.000000	-0.015650 
888.000000	-0.016060 
887.000000	-0.015610 
886.000000	-0.015590 
885.000000	-0.014850 
884.000000	-0.014930 
883.000000	-0.015030 
882.000000	-0.015760 
881.000000	-0.015700 
880.000000	-0.015240 
879.000000	-0.016130 
878.000000	-0.016360 
877.000000	-0.016140 
876.000000	-0.016140 
875.000000	-0.015920 
874.000000	-0.015900 
873.000000	-0.015780 
872.000000	-0.014940 
871.000000	-0.015100 
870.000000	-0.015250 
869.000000	-0.015360 
868.000000	-0.015310 
867.000000	-0.015270 
866.000000	-0.014580 
865.000000	-0.014900 
864.000000	-0.014730 
863.000000	-0.015130 
862.000000	-0.014620 
861.000000	-0.014400 
860.000000	-0.014500 
859.000000	-0.014950 
858.000000	-0.015360 
857.000000	-0.015340 
856.000000	-0.014850 
855.000000	-0.014120 
854.000000	-0.014050 
853.000000	-0.014210 
852.000000	-0.014080 
851.000000	-0.014150 
850.000000	-0.014220 
849.000000	-0.014270 
848.000000	-0.014530 
847.000000	-0.013900 
846.000000	-0.013680 
845.000000	-0.013780 
844.000000	-0.013020 
843.000000	-0.012840 
842.000000	-0.012670 
841.000000	-0.012790 
840.000000	-0.012640 
839.000000	-0.012540 
838.000000	-0.012610 
837.000000	-0.013060 
836.000000	-0.013080 
835.000000	-0.013080 
834.000000	-0.012900 
833.000000	-0.012980 
832.000000	-0.012970 
831.000000	-0.012790 
830.000000	-0.012690 
829.000000	-0.012320 
828.000000	-0.012340 
827.000000	-0.012090 
826.000000	-0.011990 
825.000000	-0.011970 
824.000000	-0.012380 
823.000000	-0.012550 
822.000000	-0.012680 
821.000000	-0.012710 
820.000000	-0.013090 
819.000000	-0.013050 
818.000000	-0.013150 
817.000000	-0.013050 
816.000000	-0.012800 
815.000000	-0.012770 
814.000000	-0.012840 
813.000000	-0.012650 
812.000000	-0.013840 
811.000000	-0.014420 
810.000000	-0.014450 
809.000000	-0.014230 
808.000000	-0.014550 
807.000000	-0.015100 
806.000000	-0.015440 
805.000000	-0.015350 
804.000000	-0.015440 
803.000000	-0.015720 
802.000000	-0.015990 
801.000000	-0.015990 
800.000000	-0.015640 
799.000000	-0.016090 
798.000000	-0.016120 
797.000000	-0.015850 
796.000000	-0.016070 
795.000000	-0.016170 
794.000000	-0.015940 
793.000000	-0.015940 
792.000000	-0.015520 
791.000000	-0.014970 
790.000000	-0.015010 
789.000000	-0.015100 
788.000000	-0.014670 
787.000000	-0.015020 
786.000000	-0.014800 
785.000000	-0.014590 
784.000000	-0.014770 
783.000000	-0.014960 
782.000000	-0.014990 
781.000000	-0.015270 
780.000000	-0.015510 
779.000000	-0.015300 
778.000000	-0.015770 
777.000000	-0.015150 
776.000000	-0.014950 
775.000000	-0.015420 
774.000000	-0.015290 
773.000000	-0.015610 
772.000000	-0.014920 
771.000000	-0.014640 
770.000000	-0.014350 
769.000000	-0.014330 
768.000000	-0.014250 
767.000000	-0.014490 
766.000000	-0.014830 
765.000000	-0.015150 
764.000000	-0.014640 
763.000000	-0.015050 
762.000000	-0.015220 
761.000000	-0.015860 
760.000000	-0.015750 
759.000000	-0.016200 
758.000000	-0.015980 
757.000000	-0.015670 
756.000000	-0.015070 
755.000000	-0.014690 
754.000000	-0.014780 
753.000000	-0.014930 
752.000000	-0.015340 
751.000000	-0.015440 
750.000000	-0.015890 
749.000000	-0.015650 
748.000000	-0.015590 
747.000000	-0.015440 
746.000000	-0.015250 
745.000000	-0.015030 
744.000000	-0.015300 
743.000000	-0.015110 
742.000000	-0.014980 
741.000000	-0.014850 
740.000000	-0.014740 
739.000000	-0.014470 
738.000000	-0.014530 
737.000000	-0.014050 
736.000000	-0.014060 
735.000000	-0.014150 
734.000000	-0.014330 
733.000000	-0.014460 
732.000000	-0.014330 
731.000000	-0.014400 
730.000000	-0.013740 
729.000000	-0.013380 
728.000000	-0.013270 
727.000000	-0.012960 
726.000000	-0.013040 
725.000000	-0.013000 
724.000000	-0.012840 
723.000000	-0.013110 
722.000000	-0.013270 
721.000000	-0.013080 
720.000000	-0.013090 
719.000000	-0.012980 
718.000000	-0.013060 
717.000000	-0.012960 
716.000000	-0.013380 
715.000000	-0.013600 
714.000000	-0.013530 
713.000000	-0.013630 
712.000000	-0.013560 
711.000000	-0.013690 
710.000000	-0.013860 
709.000000	-0.014110 
708.000000	-0.014230 
707.000000	-0.014520 
706.000000	-0.014790 
705.000000	-0.014410 
704.000000	-0.014170 
703.000000	-0.014030 
702.000000	-0.013520 
701.000000	-0.013230 
700.000000	-0.013140 
699.000000	-0.012470 
698.000000	-0.012300 
697.000000	-0.012370 
696.000000	-0.012340 
695.000000	-0.012090 
694.000000	-0.012530 
693.000000	-0.012710 
692.000000	-0.012970 
691.000000	-0.012830 
690.000000	-0.013030 
689.000000	-0.012880 
688.000000	-0.013320 
687.000000	-0.013640 
686.000000	-0.013370 
685.000000	-0.013250 
684.000000	-0.013100 
683.000000	-0.012690 
682.000000	-0.012520 
681.000000	-0.012170 
680.000000	-0.012600 
679.000000	-0.012990 
678.000000	-0.013070 
677.000000	-0.013250 
676.000000	-0.013260 
675.000000	-0.013050 
674.000000	-0.013010 
673.000000	-0.012840 
672.000000	-0.012550 
671.000000	-0.012220 
670.000000	-0.012870 
669.000000	-0.012500 
668.000000	-0.012120 
667.000000	-0.012080 
666.000000	-0.012230 
665.000000	-0.012260 
664.000000	-0.012230 
663.000000	-0.012210 
662.000000	-0.012360 
661.000000	-0.012280 
660.000000	-0.012110 
659.000000	-0.011640 
658.000000	-0.012040 
657.000000	-0.012330 
656.000000	-0.011930 
655.000000	-0.011590 
654.000000	-0.011910 
653.000000	-0.011940 
652.000000	-0.012210 
651.000000	-0.012160 
650.000000	-0.012250 
649.000000	-0.012630 
648.000000	-0.012770 
647.000000	-0.012660 
646.000000	-0.012480 
645.000000	-0.012850 
644.000000	-0.012750 
643.000000	-0.012420 
642.000000	-0.012110 
641.000000	-0.011890 
640.000000	-0.011610 
639.000000	-0.011790 
638.000000	-0.011610 
637.000000	-0.011470 
636.000000	-0.011560 
635.000000	-0.012100 
634.000000	-0.011940 
633.000000	-0.011830 
632.000000	-0.011470 
631.000000	-0.011460 
630.000000	-0.011510 
629.000000	-0.011810 
628.000000	-0.011590 
627.000000	-0.011570 
626.000000	-0.011530 
625.000000	-0.011560 
624.000000	-0.011110 
623.000000	-0.010840 
622.000000	-0.010380 
621.000000	-0.010800 
620.000000	-0.011100 
619.000000	-0.011570 
618.000000	-0.011800 
617.000000	-0.011860 
616.000000	-0.011680 
615.000000	-0.011580 
614.000000	-0.011740 
613.000000	-0.011800 
612.000000	-0.011970 
611.000000	-0.012200 
610.000000	-0.012000 
609.000000	-0.011520 
608.000000	-0.011520 
607.000000	-0.010860 
606.000000	-0.011000 
605.000000	-0.011080 
604.000000	-0.010780 
603.000000	-0.010640 
602.000000	-0.010890 
601.000000	-0.011180 
600.000000	-0.011430 
599.000000	-0.011620 
598.000000	-0.011710 
597.000000	-0.011590 
596.000000	-0.011530 
595.000000	-0.011150 
594.000000	-0.010880 
593.000000	-0.010720 
592.000000	-0.010630 
591.000000	-0.010470 
590.000000	-0.010480 
589.000000	-0.010060 
588.000000	-0.009889 
587.000000	-0.009520 
586.000000	-0.009469 
585.000000	-0.008850 
584.000000	-0.008640 
583.000000	-0.008959 
582.000000	-0.008640 
581.000000	-0.008390 
580.000000	-0.008070 
579.000000	-0.007530 
578.000000	-0.007450 
577.000000	-0.007430 
576.000000	-0.007360 
575.000000	-0.006820 
574.000000	-0.006970 
573.000000	-0.006960 
572.000000	-0.007120 
571.000000	-0.006980 
570.000000	-0.007050 
569.000000	-0.006870 
568.000000	-0.006700 
567.000000	-0.006500 
566.000000	-0.005970 
565.000000	-0.005950 
564.000000	-0.005020 
563.000000	-0.004740 
562.000000	-0.004770 
561.000000	-0.004430 
560.000000	-0.004140 
559.000000	-0.003830 
558.000000	-0.003650 
557.000000	-0.003450 
556.000000	-0.003060 
555.000000	-0.002960 
554.000000	-0.002820 
553.000000	-0.002680 
552.000000	-0.002330 
551.000000	-0.002170 
550.000000	-0.002040 
549.000000	-0.001960 
548.000000	-0.001780 
547.000000	-0.001580 
546.000000	-0.001460 
545.000000	-0.001360 
544.000000	-0.001160 
543.000000	-0.001090 
542.000000	-0.000680 
541.000000	-0.000530 
540.000000	-0.000160 
539.000000	0.000120  
538.000000	0.000200  
537.000000	0.000130  
536.000000	0.000400  
535.000000	0.000550  
534.000000	0.000660  
533.000000	0.001010  
532.000000	0.001150  
531.000000	0.001160  
530.000000	0.001550  
529.000000	0.001930  
528.000000	0.002170  
527.000000	0.002280  
526.000000	0.002570  
525.000000	0.002330  
524.000000	0.002370  
523.000000	0.002630  
522.000000	0.002790  
521.000000	0.002930  
520.000000	0.003370  
519.000000	0.004010  
518.000000	0.004130  
517.000000	0.004460  
516.000000	0.004540  
515.000000	0.004440  
514.000000	0.004470  
513.000000	0.004650  
512.000000	0.004990  
511.000000	0.005440  
510.000000	0.005730  
509.000000	0.006290  
508.000000	0.006560  
507.000000	0.006650  
506.000000	0.006580  
505.000000	0.006570  
504.000000	0.006820  
503.000000	0.006880  
502.000000	0.007020  
501.000000	0.007460  
500.000000	0.007830  
499.000000	0.007920  
498.000000	0.008080  
497.000000	0.008350  
496.000000	0.008529  
495.000000	0.008869  
494.000000	0.009190  
493.000000	0.009630  
492.000000	0.009950  
491.000000	0.010160  
490.000000	0.010440  
489.000000	0.011000  
488.000000	0.011610  
487.000000	0.011690  
486.000000	0.012020  
485.000000	0.012430  
484.000000	0.012780  
483.000000	0.012960  
482.000000	0.013280  
481.000000	0.013850  
480.000000	0.014380  
479.000000	0.014840  
478.000000	0.015110  
477.000000	0.015300  
476.000000	0.015780  
475.000000	0.016560  
474.000000	0.016710  
473.000000	0.017120  
472.000000	0.017490  
471.000000	0.018150  
470.000000	0.018650  
469.000000	0.019190  
468.000000	0.019890  
467.000000	0.020420  
466.000000	0.020990  
465.000000	0.021090  
464.000000	0.021580  
463.000000	0.022310  
462.000000	0.022560  
461.000000	0.022830  
460.000000	0.023610  
459.000000	0.024190  
458.000000	0.024630  
457.000000	0.025150  
456.000000	0.025630  
455.000000	0.026430  
454.000000	0.027010  
453.000000	0.027250  
452.000000	0.027680  
451.000000	0.028200  
450.000000	0.029110  
449.000000	0.029880  
448.000000	0.030630  
447.000000	0.031120  
446.000000	0.031730  
445.000000	0.032570  
444.000000	0.033270  
443.000000	0.034100  
442.000000	0.035010  
441.000000	0.036000  
440.000000	0.036790  
439.000000	0.037640  
438.000000	0.038420  
437.000000	0.039490  
436.000000	0.040490  
435.000000	0.041300  
434.000000	0.042210  
433.000000	0.043080  
432.000000	0.044170  
431.000000	0.045210  
430.000000	0.046170  
429.000000	0.046920  
428.000000	0.047990  
427.000000	0.049000  
426.000000	0.050050  
425.000000	0.051090  
424.000000	0.052210  
423.000000	0.052910  
422.000000	0.054230  
421.000000	0.055510  
420.000000	0.056450  
419.000000	0.057790  
418.000000	0.059220  
417.000000	0.060510  
416.000000	0.061880  
415.000000	0.063270  
414.000000	0.064910  
413.000000	0.066250  
412.000000	0.067610  
411.000000	0.068880  
410.000000	0.070260  
409.000000	0.071740  
408.000000	0.073370  
407.000000	0.074680  
406.000000	0.076259  
405.000000	0.078140  
404.000000	0.079450  
403.000000	0.081350  
402.000000	0.083360  
401.000000	0.085450  
400.000000	0.086980  
399.000000	0.088850  
398.000000	0.090610  
397.000000	0.092850  
396.000000	0.094850  
395.000000	0.096620  
394.000000	0.098630  
393.000000	0.100840  
392.000000	0.103000  
391.000000	0.104790  
390.000000	0.107220  
389.000000	0.108940  
388.000000	0.111580  
387.000000	0.113860  
386.000000	0.116060  
385.000000	0.118850  
384.000000	0.121390  
383.000000	0.123370  
382.000000	0.125390  
381.000000	0.128520  
380.000000	0.131000  
379.000000	0.133330  
378.000000	0.136350  
377.000000	0.138900  
376.000000	0.142100  
375.000000	0.145270  
374.000000	0.148140  
373.000000	0.150920  
372.000000	0.153920  
371.000000	0.157300  
370.000000	0.159990  
369.000000	0.163160  
368.000000	0.166290  
367.000000	0.169730  
366.000000	0.173180  
365.000000	0.176350  
364.000000	0.179820  
363.000000	0.183220  
362.000000	0.186770  
361.000000	0.190190  
360.000000	0.193900  
359.000000	0.197940  
358.000000	0.201410  
357.000000	0.205010  
356.000000	0.208810  
355.000000	0.212880  
354.000000	0.217070  
353.000000	0.220830  
352.000000	0.224750  
351.000000	0.229120  
350.000000	0.233050  
349.000000	0.237500  
348.000000	0.242050  
347.000000	0.246030  
346.000000	0.250650  
345.000000	0.255410  
344.000000	0.259930  
343.000000	0.264000  
342.000000	0.268900  
341.000000	0.273570  
340.000000	0.278560  
339.000000	0.283360  
338.000000	0.288360  
337.000000	0.293460  
336.000000	0.298510  
335.000000	0.303830  
334.000000	0.308830  
333.000000	0.314170  
332.000000	0.320080  
331.000000	0.325360  
330.000000	0.330820  
329.000000	0.336930  
328.000000	0.345700  
327.000000	0.352510  
326.000000	0.358270  
325.000000	0.364440  
324.000000	0.370580  
323.000000	0.376810  
322.000000	0.383100  
321.000000	0.389860  
320.000000	0.396190  
319.000000	0.403080  
318.000000	0.409720  
317.000000	0.416890  
316.000000	0.423770  
315.000000	0.431000  
314.000000	0.438220  
313.000000	0.445430  
312.000000	0.453040  
311.000000	0.460660  
310.000000	0.468190  
309.000000	0.476340  
308.000000	0.484490  
307.000000	0.492650  
306.000000	0.501040  
305.000000	0.509750  
304.000000	0.518640  
303.000000	0.527770  
302.000000	0.536710  
301.000000	0.546140  
300.000000	0.555700  
299.000000	0.565280  
298.000000	0.575050  
297.000000	0.585130  
296.000000	0.595550  
295.000000	0.605880  
294.000000	0.616770  
293.000000	0.627920  
292.000000	0.639490  
291.000000	0.650960  
290.000000	0.662880  
289.000000	0.675190  
288.000000	0.687620  
287.000000	0.700640  
286.000000	0.713280  
285.000000	0.725940  
284.000000	0.738710  
283.000000	0.751430  
282.000000	0.763880  
281.000000	0.776560  
280.000000	0.789250  
279.000000	0.802180  
278.000000	0.814860  
277.000000	0.828410  
276.000000	0.841300  
275.000000	0.854850  
274.000000	0.868060  
273.000000	0.881730  
272.000000	0.894930  
271.000000	0.908090  
270.000000	0.921120  
269.000000	0.933520  
268.000000	0.945670  
267.000000	0.957350  
266.000000	0.969000  
265.000000	0.979780  
264.000000	0.990670  
263.000000	1.000590  
262.000000	1.010140  
261.000000	1.019790  
260.000000	1.028430  
259.000000	1.036860  
258.000000	1.044220  
257.000000	1.052110  
256.000000	1.059430  
255.000000	1.067140  
254.000000	1.074540  
253.000000	1.081780  
252.000000	1.089060  
251.000000	1.096870  
250.000000	1.104150  
249.000000	1.112400  
248.000000	1.120750  
247.000000	1.130270  
246.000000	1.140630  
245.000000	1.151350  
244.000000	1.163040  
243.000000	1.175760  
242.000000	1.189800  
241.000000	1.205440  
240.000000	1.222520  
239.000000	1.240290  
238.000000	1.260750  
237.000000	1.282530  
236.000000	1.306160  
235.000000	1.332490  
234.000000	1.361000  
233.000000	1.393320  
232.000000	1.427670  
231.000000	1.467360  
230.000000	1.509880  
229.000000	1.555670  
228.000000	1.606300  
227.000000	1.660820  
226.000000	1.720330  
225.000000	1.783940  
224.000000	1.852230  
223.000000	1.926950  
222.000000	2.005480  
221.000000	2.087440  
220.000000	2.174770  
219.000000	2.268620  
218.000000	2.367450  
217.000000	2.460910  
216.000000	2.551570  
215.000000	2.643540  
214.000000	2.751770  
213.000000	2.824060  
212.000000	2.944620  
211.000000	3.010160  
210.000000	3.052510  
209.000000	3.126580  
208.000000	3.142920  
207.000000	3.187720  
206.000000	3.188340  
205.000000	3.122480  
204.000000	3.150350  
203.000000	3.180090  
202.000000	3.144530  
201.000000	3.128060  
200.000000	3.195920  
199.000000	3.046580  
198.000000	3.063050  
197.000000	2.951810  
196.000000	2.860400  
195.000000	2.660160  
194.000000	2.598950  
193.000000	2.374050  
192.000000	2.481880  
191.000000	2.999670  
190.000000	4.766330  

